{
 "cells": [
  {
   "cell_type": "code",
   "execution_count": 1,
   "id": "0893862b",
   "metadata": {},
   "outputs": [],
   "source": [
    "import numpy as np\n",
    "from icecream import ic"
   ]
  },
  {
   "cell_type": "markdown",
   "id": "055f2df6",
   "metadata": {},
   "source": [
    "## 线性回归原理"
   ]
  },
  {
   "cell_type": "code",
   "execution_count": 2,
   "id": "d210c506",
   "metadata": {},
   "outputs": [
    {
     "data": {
      "text/plain": [
       "array([[ 0.85605725, -0.44798511, -0.76299379,  0.56818311, -0.47529718,\n",
       "         1.23651703,  1.02730642],\n",
       "       [ 0.91817916,  0.72595334,  0.24693698,  0.59510611,  1.10119779,\n",
       "         0.30501566, -0.66789755],\n",
       "       [ 1.47051701,  2.19953562, -0.61449689,  0.88337407,  2.4031492 ,\n",
       "        -1.59545853,  1.19508094],\n",
       "       [ 1.21624915, -0.28091421, -0.1989651 , -1.41813837,  0.8091977 ,\n",
       "        -0.70718678,  0.872639  ],\n",
       "       [-0.87275914, -0.66056245, -0.27298604, -0.40192821, -0.02801716,\n",
       "         0.19282271, -0.42284425],\n",
       "       [ 0.27588889,  0.31238407, -1.48406561, -0.79524703, -1.00057132,\n",
       "         0.27902525,  1.78229275],\n",
       "       [-1.416006  , -0.12733088,  0.42220257, -0.66661885,  0.80263116,\n",
       "         1.28371881, -0.84339572],\n",
       "       [ 1.65981285, -0.04443592, -0.67680915,  0.78392584, -1.44028395,\n",
       "        -1.45969047,  1.23967048],\n",
       "       [ 0.24994738, -0.82951985, -0.70422736,  0.17934595,  0.90587694,\n",
       "        -1.15948946, -0.15535141],\n",
       "       [ 0.23284098,  0.33259819,  1.38026727,  1.14629416,  0.74969903,\n",
       "        -1.29094435, -0.58918934]])"
      ]
     },
     "execution_count": 2,
     "metadata": {},
     "output_type": "execute_result"
    }
   ],
   "source": [
    "X = np.random.normal(size=(10, 7))\n",
    "X"
   ]
  },
  {
   "cell_type": "code",
   "execution_count": 3,
   "id": "beb16eb9",
   "metadata": {},
   "outputs": [],
   "source": [
    "y = np.array([\n",
    "    [1],\n",
    "    [0],\n",
    "    [0],\n",
    "    [0],\n",
    "    [1],\n",
    "    [0],\n",
    "    [0],\n",
    "    [1],\n",
    "    [0],\n",
    "    [0],\n",
    "])"
   ]
  },
  {
   "cell_type": "code",
   "execution_count": 4,
   "id": "1d8ab9ed",
   "metadata": {},
   "outputs": [],
   "source": [
    "weights = np.random.normal(size=(1, 7))\n",
    "bias = 0"
   ]
  },
  {
   "cell_type": "code",
   "execution_count": 5,
   "id": "446c51e6",
   "metadata": {},
   "outputs": [],
   "source": [
    "def loss(yhats, y):\n",
    "    return np.mean( (yhats - y) ** 2)\n",
    "\n",
    "def partial_w(yhats, y, train_x):\n",
    "    return 2 * np.mean( (yhats - y) * train_x, axis=0)\n",
    "\n",
    "def partial_b(yhats, y):\n",
    "    return 2 * np.mean(yhats - y)\n",
    "\n",
    "def train_linear_regression(X, weights, bias, y):\n",
    "    lr = 1e-2\n",
    "    for i in range(30):\n",
    "        yhats = X @ weights.T + bias\n",
    "        weights += -1 * partial_w(yhats, y, X) * lr\n",
    "        loss_value = loss(yhats, y)\n",
    "        ic(loss_value)\n",
    "        bias += -1*partial_b(yhats, y)"
   ]
  },
  {
   "cell_type": "code",
   "execution_count": 11,
   "id": "ee789cde",
   "metadata": {
    "scrolled": true
   },
   "outputs": [
    {
     "name": "stderr",
     "output_type": "stream",
     "text": [
      "ic| loss_value: 0.2151924305495596\n",
      "ic| loss_value: 0.21704458766879356\n",
      "ic| loss_value: 0.2189764482152316\n",
      "ic| loss_value: 0.22098937395453197\n",
      "ic| loss_value: 0.2230847840414587\n",
      "ic| loss_value: 0.2252641559540053\n",
      "ic| loss_value: 0.22752902647140436\n",
      "ic| loss_value: 0.22988099269651383\n",
      "ic| loss_value: 0.23232171312311217\n",
      "ic| loss_value: 0.23485290874868253\n",
      "ic| loss_value: 0.2374763642333036\n",
      "ic| loss_value: 0.24019392910530962\n",
      "ic| loss_value: 0.2430075190144263\n",
      "ic| loss_value: 0.24591911703312408\n",
      "ic| loss_value: 0.24893077500698188\n",
      "ic| loss_value: 0.2520446149548873\n",
      "ic| loss_value: 0.25526283051994664\n",
      "ic| loss_value: 0.2585876884720192\n",
      "ic| loss_value: 0.2620215302628278\n",
      "ic| loss_value: 0.2655667736346492\n",
      "ic| loss_value: 0.26922591428362125\n",
      "ic| loss_value: 0.27300152757875207\n",
      "ic| loss_value: 0.2768962703377591\n",
      "ic| loss_value: 0.2809128826609092\n",
      "ic| loss_value: 0.2850541898240761\n",
      "ic| loss_value: 0.28932310423227636\n",
      "ic| loss_value: 0.29372262743499017\n",
      "ic| loss_value: 0.2982558522046208\n",
      "ic| loss_value: 0.30292596467949434\n",
      "ic| loss_value: 0.3077362465728447\n"
     ]
    }
   ],
   "source": [
    "train_linear_regression(X, weights, bias, y)"
   ]
  },
  {
   "cell_type": "markdown",
   "id": "2b52f856",
   "metadata": {},
   "source": [
    "## 逻辑斯蒂回归原理"
   ]
  },
  {
   "cell_type": "code",
   "execution_count": 9,
   "id": "6aa9a1f2",
   "metadata": {
    "scrolled": true
   },
   "outputs": [
    {
     "data": {
      "text/plain": [
       "array([[-0.18960463,  2.15120633,  0.92454788, -0.70237309, -1.56149436,\n",
       "        -0.14570325,  1.14843757],\n",
       "       [ 0.62362127, -0.05897596,  0.72704506, -0.82984973, -0.04199696,\n",
       "         0.67540386, -0.10570224],\n",
       "       [-0.61222791, -0.13169362,  1.47728942, -1.23001103, -0.08756364,\n",
       "         1.17425333, -0.88405139],\n",
       "       [ 0.56369411,  0.44036454, -0.29440275,  0.25148916,  0.83182337,\n",
       "        -1.11153496,  1.51470046],\n",
       "       [-0.38018386,  1.95941992, -0.14718331, -0.23422799, -0.3735152 ,\n",
       "        -2.05980188, -0.11734093],\n",
       "       [ 1.47351478,  1.85526257, -1.05468454, -0.19093845, -0.24848054,\n",
       "         0.86245277, -0.99242146],\n",
       "       [-0.66376812, -0.0768356 , -1.14601214,  0.17178516,  0.57340709,\n",
       "         0.52489463, -1.38286705],\n",
       "       [ 0.96315332,  1.18317482,  0.8824854 ,  0.33629302, -0.02248127,\n",
       "         1.16873128, -1.39587034],\n",
       "       [ 0.43097565,  1.12155886, -1.03006785,  1.72195451,  0.8002685 ,\n",
       "        -2.79522544, -0.61794303],\n",
       "       [-0.4213849 ,  0.3861082 ,  0.52671941, -0.95678824,  1.43334557,\n",
       "         0.27158936,  0.392126  ]])"
      ]
     },
     "execution_count": 9,
     "metadata": {},
     "output_type": "execute_result"
    }
   ],
   "source": [
    "X = np.random.normal(size=(10, 7))\n",
    "X"
   ]
  },
  {
   "cell_type": "code",
   "execution_count": 10,
   "id": "a6a68692",
   "metadata": {},
   "outputs": [],
   "source": [
    "y = np.array([\n",
    "    [1],\n",
    "    [0],\n",
    "    [0],\n",
    "    [0],\n",
    "    [1],\n",
    "    [0],\n",
    "    [0],\n",
    "    [1],\n",
    "    [0],\n",
    "    [0],\n",
    "])"
   ]
  },
  {
   "cell_type": "code",
   "execution_count": 11,
   "id": "508de875",
   "metadata": {},
   "outputs": [],
   "source": [
    "weights = np.random.normal(size=(1, 7))\n",
    "bias = 0"
   ]
  },
  {
   "cell_type": "code",
   "execution_count": 12,
   "id": "f6833fdc",
   "metadata": {
    "scrolled": true
   },
   "outputs": [],
   "source": [
    "def partial_w(yhats, y, train_x):\n",
    "    return 2 * np.mean( (yhats - y) * train_x, axis=0)\n",
    "\n",
    "def partial_b(yhats, y):\n",
    "    return 2 * np.mean(yhats - y)\n",
    "\n",
    "def logistic(x):\n",
    "    return 1 / (1 + np.exp(-x))\n",
    "\n",
    "# def derivatives(x):\n",
    "#     return logistic(x) * (1 - logistic(x))\n",
    "\n",
    "def logistic_loss(yhats, y):\n",
    "    return np.mean(y * np.log(yhats) + (1 - y) * np.log(yhats))\n",
    "    \n",
    "def train_logistic_regression(X, weights, bias, y):\n",
    "    for i in range(20):\n",
    "        yh = X @ weights.T + bias\n",
    "        yhats = logistic(yh)\n",
    "        threshold = 0.5\n",
    "        probs = np.array((yhats > threshold), dtype=np.int)\n",
    "        #ic(probs)\n",
    "        loss = logistic_loss(yhats, y)\n",
    "        ic(loss)\n",
    "        learning_rate = 1e-4\n",
    "        weights += partial_w(yh, y, X) * learning_rate\n",
    "        bias += partial_b(yhats, y)\n",
    "        #ic(yhats)"
   ]
  },
  {
   "cell_type": "code",
   "execution_count": 13,
   "id": "a0974186",
   "metadata": {},
   "outputs": [
    {
     "name": "stderr",
     "output_type": "stream",
     "text": [
      "/var/folders/19/dgxwsbgd76728hx577833nx00000gn/T/ipykernel_2505/1053828243.py:21: DeprecationWarning: `np.int` is a deprecated alias for the builtin `int`. To silence this warning, use `int` by itself. Doing this will not modify any behavior and is safe. When replacing `np.int`, you may wish to use e.g. `np.int64` or `np.int32` to specify the precision. If you wish to review your current use, check the release note link for additional information.\n",
      "Deprecated in NumPy 1.20; for more details and guidance: https://numpy.org/devdocs/release/1.20.0-notes.html#deprecations\n",
      "  probs = np.array((yhats > threshold), dtype=np.int)\n",
      "ic| loss: -1.282500999824686\n",
      "ic| loss: -1.158315667341081\n",
      "ic| loss: -1.0066605060994358\n",
      "ic| loss: -0.8266076148974569\n",
      "ic| loss: -0.6228378101358294\n",
      "ic| loss: -0.4110294281484691\n",
      "ic| loss: -0.2221188660939999\n",
      "ic| loss: -0.09189627638259104\n",
      "ic| loss: -0.02914430376957896\n",
      "ic| loss: -0.007837813415626713\n",
      "ic| loss: -0.0019782268681848934\n",
      "ic| loss: -0.0004901723137304115\n",
      "ic| loss: -0.00012085231057546545\n",
      "ic| loss: -2.975169326467799e-05\n",
      "ic| loss: -7.31977706480194e-06\n",
      "ic| loss: -1.8001446097284245e-06\n",
      "ic| loss: -4.4255154511005054e-07\n",
      "ic| loss: -1.087610829761617e-07\n",
      "ic| loss: -2.6720122698349204e-08\n",
      "ic| loss: -6.562355045447293e-09\n"
     ]
    }
   ],
   "source": [
    "train_logistic_regression(X, weights, bias, y)"
   ]
  },
  {
   "cell_type": "markdown",
   "id": "3deb9757",
   "metadata": {},
   "source": [
    "## softmax多分类原理"
   ]
  },
  {
   "cell_type": "code",
   "execution_count": 33,
   "id": "bc046044",
   "metadata": {},
   "outputs": [
    {
     "data": {
      "text/plain": [
       "array([[ 0.75851397,  1.18263584,  1.10194432, -0.49530614,  0.12118499,\n",
       "        -0.09903793, -0.45699385],\n",
       "       [-0.34510285,  1.28391797,  1.73206782,  1.25676382, -0.30132211,\n",
       "        -0.35629175, -0.4078143 ],\n",
       "       [ 0.0645615 ,  0.48399306, -2.6151535 , -1.45441648, -0.32754491,\n",
       "         0.34301158, -2.11707437],\n",
       "       [-0.38621005, -1.24932494,  0.77980923,  1.48737375,  0.15697739,\n",
       "        -0.19937169, -0.35541406],\n",
       "       [ 0.05489944, -1.9208908 ,  0.12819344, -0.45235292, -1.15782994,\n",
       "         0.64337273, -0.14886445],\n",
       "       [-1.26273508, -0.44073752,  0.16507198, -0.03336603,  1.06567002,\n",
       "        -1.29729771,  0.05577501],\n",
       "       [ 1.84739153, -1.01513499,  0.29877883,  0.11179003, -1.38712794,\n",
       "        -0.9122367 ,  0.21602   ],\n",
       "       [-1.03282633,  0.18363501,  1.06670473, -0.98305025,  0.46687787,\n",
       "        -0.42338033,  2.24065067],\n",
       "       [-0.86112607, -1.91433939, -0.09937837, -1.05895669, -0.19598358,\n",
       "         0.77526776,  0.37649278],\n",
       "       [ 0.04046872, -0.22312837, -0.79522361, -0.13769144,  1.62214959,\n",
       "         0.96878115,  0.23656208]])"
      ]
     },
     "execution_count": 33,
     "metadata": {},
     "output_type": "execute_result"
    }
   ],
   "source": [
    "X = np.random.normal(size=(10, 7))\n",
    "X"
   ]
  },
  {
   "cell_type": "code",
   "execution_count": 34,
   "id": "9010fcc7",
   "metadata": {},
   "outputs": [],
   "source": [
    "y = np.array([\n",
    "    [0,0,0,0,1],\n",
    "    [0,1,0,0,0],\n",
    "    [0,0,1,0,0],\n",
    "    [1,0,0,0,0],\n",
    "    [0,1,0,0,0],\n",
    "    [0,0,0,1,0],\n",
    "    [0,0,1,0,0],\n",
    "    [0,1,0,0,0],\n",
    "    [1,0,0,0,0],\n",
    "    [0,1,0,0,0]\n",
    "])"
   ]
  },
  {
   "cell_type": "code",
   "execution_count": 35,
   "id": "6b441952",
   "metadata": {},
   "outputs": [
    {
     "data": {
      "text/plain": [
       "array([[-0.8376805 , -0.93117994,  1.68161697,  0.4127514 ,  0.74117597,\n",
       "        -0.37039335, -0.30033729],\n",
       "       [-0.62133335, -1.64380405, -0.1150983 , -0.9399792 ,  0.06726693,\n",
       "         1.62178776,  0.19628432],\n",
       "       [-0.31876083,  1.13912391, -0.32543633, -1.04421023, -0.07856252,\n",
       "        -0.60897906,  0.27121422],\n",
       "       [ 0.08349229, -0.40346071,  0.20948992, -0.7721388 ,  0.56693149,\n",
       "         0.00720306, -0.78337012],\n",
       "       [ 0.37420206,  0.35593932, -1.91240523, -1.28101639,  0.74163924,\n",
       "        -0.17064796,  3.12818957]])"
      ]
     },
     "execution_count": 35,
     "metadata": {},
     "output_type": "execute_result"
    }
   ],
   "source": [
    "weights = np.random.normal(size=(5,7))\n",
    "bias = 0\n",
    "weights"
   ]
  },
  {
   "cell_type": "code",
   "execution_count": 36,
   "id": "8001acf7",
   "metadata": {},
   "outputs": [],
   "source": [
    "def softmax(x):\n",
    "    return np.exp(x) / np.sum(np.exp(x))\n"
   ]
  },
  {
   "cell_type": "code",
   "execution_count": 41,
   "id": "1195060b",
   "metadata": {},
   "outputs": [],
   "source": [
    "def softmax(x):\n",
    "    x -= np.max(x, axis=1).reshape(x.shape[0], 1)\n",
    "    x_sum = np.sum(np.exp(x), axis=1)\n",
    "    return np.exp(x) / x_sum.reshape(x.shape[0], 1)\n",
    "\n",
    "def cross_entropy(yhats, y):\n",
    "    return -np.mean( y * np.log(yhats) )\n",
    "\n",
    "def train_softmax(X, weights, bias, y):\n",
    "    for i in range(1):\n",
    "        yh = X @ weights.T + bias\n",
    "        yhats = softmax(yh)\n",
    "        ic(yhats)\n",
    "        threshold = 0.5\n",
    "        probs = np.array((yhats > threshold), dtype=np.int)\n",
    "        ic(probs)\n",
    "        loss = cross_entropy(yhats, y)\n",
    "        ic(loss)"
   ]
  },
  {
   "cell_type": "code",
   "execution_count": 42,
   "id": "ff87d304",
   "metadata": {},
   "outputs": [
    {
     "name": "stderr",
     "output_type": "stream",
     "text": [
      "ic| yhats: array([[1.81365278e-01, 1.49700875e-02, 5.00501717e-01, 2.84361812e-01,\n",
      "                   1.88011052e-02],\n",
      "                  [9.13039469e-01, 1.35772052e-03, 5.95796588e-02, 2.58531859e-02,\n",
      "                   1.69966266e-04],\n",
      "                  [2.84449229e-04, 1.38472778e-01, 4.56113812e-01, 3.43798434e-01,\n",
      "                   6.13305266e-02],\n",
      "                  [9.43540749e-01, 3.52968152e-02, 1.04741950e-03, 1.99508130e-02,\n",
      "                   1.64203821e-04],\n",
      "                  [2.24288395e-02, 9.54073140e-01, 1.31562613e-03, 2.03094664e-02,\n",
      "                   1.87292814e-03],\n",
      "                  [7.75119282e-01, 2.37489495e-02, 7.15522041e-02, 7.75776209e-02,\n",
      "                   5.20019438e-02],\n",
      "                  [1.96443104e-01, 1.39792006e-01, 1.28129221e-01, 2.89174813e-01,\n",
      "                   2.46460857e-01],\n",
      "                  [1.17408284e-02, 4.37834202e-03, 1.34311144e-02, 8.86498979e-04,\n",
      "                   9.69563216e-01],\n",
      "                  [9.27705255e-03, 9.72633370e-01, 7.79278994e-04, 7.17166805e-03,\n",
      "                   1.01386301e-02],\n",
      "                  [1.46712089e-02, 2.26554799e-01, 1.36801027e-02, 4.98055491e-02,\n",
      "                   6.95288340e-01]])\n",
      "/var/folders/19/dgxwsbgd76728hx577833nx00000gn/T/ipykernel_2505/2941833711.py:15: DeprecationWarning: `np.int` is a deprecated alias for the builtin `int`. To silence this warning, use `int` by itself. Doing this will not modify any behavior and is safe. When replacing `np.int`, you may wish to use e.g. `np.int64` or `np.int32` to specify the precision. If you wish to review your current use, check the release note link for additional information.\n",
      "Deprecated in NumPy 1.20; for more details and guidance: https://numpy.org/devdocs/release/1.20.0-notes.html#deprecations\n",
      "  probs = np.array((yhats > threshold), dtype=np.int)\n",
      "ic| probs: array([[0, 0, 1, 0, 0],\n",
      "                  [1, 0, 0, 0, 0],\n",
      "                  [0, 0, 0, 0, 0],\n",
      "                  [1, 0, 0, 0, 0],\n",
      "                  [0, 1, 0, 0, 0],\n",
      "                  [1, 0, 0, 0, 0],\n",
      "                  [0, 0, 0, 0, 0],\n",
      "                  [0, 0, 0, 0, 1],\n",
      "                  [0, 1, 0, 0, 0],\n",
      "                  [0, 0, 0, 0, 1]])\n",
      "ic| loss: 0.553463770523768\n",
      "ic| yhats: array([[1.81365278e-01, 1.49700875e-02, 5.00501717e-01, 2.84361812e-01,\n",
      "                   1.88011052e-02],\n",
      "                  [9.13039469e-01, 1.35772052e-03, 5.95796588e-02, 2.58531859e-02,\n",
      "                   1.69966266e-04],\n",
      "                  [2.84449229e-04, 1.38472778e-01, 4.56113812e-01, 3.43798434e-01,\n",
      "                   6.13305266e-02],\n",
      "                  [9.43540749e-01, 3.52968152e-02, 1.04741950e-03, 1.99508130e-02,\n",
      "                   1.64203821e-04],\n",
      "                  [2.24288395e-02, 9.54073140e-01, 1.31562613e-03, 2.03094664e-02,\n",
      "                   1.87292814e-03],\n",
      "                  [7.75119282e-01, 2.37489495e-02, 7.15522041e-02, 7.75776209e-02,\n",
      "                   5.20019438e-02],\n",
      "                  [1.96443104e-01, 1.39792006e-01, 1.28129221e-01, 2.89174813e-01,\n",
      "                   2.46460857e-01],\n",
      "                  [1.17408284e-02, 4.37834202e-03, 1.34311144e-02, 8.86498979e-04,\n",
      "                   9.69563216e-01],\n",
      "                  [9.27705255e-03, 9.72633370e-01, 7.79278994e-04, 7.17166805e-03,\n",
      "                   1.01386301e-02],\n",
      "                  [1.46712089e-02, 2.26554799e-01, 1.36801027e-02, 4.98055491e-02,\n",
      "                   6.95288340e-01]])\n",
      "ic| probs: array([[0, 0, 1, 0, 0],\n",
      "                  [1, 0, 0, 0, 0],\n",
      "                  [0, 0, 0, 0, 0],\n",
      "                  [1, 0, 0, 0, 0],\n",
      "                  [0, 1, 0, 0, 0],\n",
      "                  [1, 0, 0, 0, 0],\n",
      "                  [0, 0, 0, 0, 0],\n",
      "                  [0, 0, 0, 0, 1],\n",
      "                  [0, 1, 0, 0, 0],\n",
      "                  [0, 0, 0, 0, 1]])\n",
      "ic| loss: 0.553463770523768\n",
      "ic| yhats: array([[1.81365278e-01, 1.49700875e-02, 5.00501717e-01, 2.84361812e-01,\n",
      "                   1.88011052e-02],\n",
      "                  [9.13039469e-01, 1.35772052e-03, 5.95796588e-02, 2.58531859e-02,\n",
      "                   1.69966266e-04],\n",
      "                  [2.84449229e-04, 1.38472778e-01, 4.56113812e-01, 3.43798434e-01,\n",
      "                   6.13305266e-02],\n",
      "                  [9.43540749e-01, 3.52968152e-02, 1.04741950e-03, 1.99508130e-02,\n",
      "                   1.64203821e-04],\n",
      "                  [2.24288395e-02, 9.54073140e-01, 1.31562613e-03, 2.03094664e-02,\n",
      "                   1.87292814e-03],\n",
      "                  [7.75119282e-01, 2.37489495e-02, 7.15522041e-02, 7.75776209e-02,\n",
      "                   5.20019438e-02],\n",
      "                  [1.96443104e-01, 1.39792006e-01, 1.28129221e-01, 2.89174813e-01,\n",
      "                   2.46460857e-01],\n",
      "                  [1.17408284e-02, 4.37834202e-03, 1.34311144e-02, 8.86498979e-04,\n",
      "                   9.69563216e-01],\n",
      "                  [9.27705255e-03, 9.72633370e-01, 7.79278994e-04, 7.17166805e-03,\n",
      "                   1.01386301e-02],\n",
      "                  [1.46712089e-02, 2.26554799e-01, 1.36801027e-02, 4.98055491e-02,\n",
      "                   6.95288340e-01]])\n",
      "ic| probs: array([[0, 0, 1, 0, 0],\n",
      "                  [1, 0, 0, 0, 0],\n",
      "                  [0, 0, 0, 0, 0],\n",
      "                  [1, 0, 0, 0, 0],\n",
      "                  [0, 1, 0, 0, 0],\n",
      "                  [1, 0, 0, 0, 0],\n",
      "                  [0, 0, 0, 0, 0],\n",
      "                  [0, 0, 0, 0, 1],\n",
      "                  [0, 1, 0, 0, 0],\n",
      "                  [0, 0, 0, 0, 1]])\n",
      "ic| loss: 0.553463770523768\n",
      "ic| yhats: array([[1.81365278e-01, 1.49700875e-02, 5.00501717e-01, 2.84361812e-01,\n",
      "                   1.88011052e-02],\n",
      "                  [9.13039469e-01, 1.35772052e-03, 5.95796588e-02, 2.58531859e-02,\n",
      "                   1.69966266e-04],\n",
      "                  [2.84449229e-04, 1.38472778e-01, 4.56113812e-01, 3.43798434e-01,\n",
      "                   6.13305266e-02],\n",
      "                  [9.43540749e-01, 3.52968152e-02, 1.04741950e-03, 1.99508130e-02,\n",
      "                   1.64203821e-04],\n",
      "                  [2.24288395e-02, 9.54073140e-01, 1.31562613e-03, 2.03094664e-02,\n",
      "                   1.87292814e-03],\n",
      "                  [7.75119282e-01, 2.37489495e-02, 7.15522041e-02, 7.75776209e-02,\n",
      "                   5.20019438e-02],\n",
      "                  [1.96443104e-01, 1.39792006e-01, 1.28129221e-01, 2.89174813e-01,\n",
      "                   2.46460857e-01],\n",
      "                  [1.17408284e-02, 4.37834202e-03, 1.34311144e-02, 8.86498979e-04,\n",
      "                   9.69563216e-01],\n",
      "                  [9.27705255e-03, 9.72633370e-01, 7.79278994e-04, 7.17166805e-03,\n",
      "                   1.01386301e-02],\n",
      "                  [1.46712089e-02, 2.26554799e-01, 1.36801027e-02, 4.98055491e-02,\n",
      "                   6.95288340e-01]])\n",
      "ic| probs: array([[0, 0, 1, 0, 0],\n",
      "                  [1, 0, 0, 0, 0],\n",
      "                  [0, 0, 0, 0, 0],\n",
      "                  [1, 0, 0, 0, 0],\n",
      "                  [0, 1, 0, 0, 0],\n",
      "                  [1, 0, 0, 0, 0],\n",
      "                  [0, 0, 0, 0, 0],\n",
      "                  [0, 0, 0, 0, 1],\n",
      "                  [0, 1, 0, 0, 0],\n",
      "                  [0, 0, 0, 0, 1]])\n",
      "ic| loss: 0.553463770523768\n",
      "ic| yhats: array([[1.81365278e-01, 1.49700875e-02, 5.00501717e-01, 2.84361812e-01,\n",
      "                   1.88011052e-02],\n",
      "                  [9.13039469e-01, 1.35772052e-03, 5.95796588e-02, 2.58531859e-02,\n",
      "                   1.69966266e-04],\n",
      "                  [2.84449229e-04, 1.38472778e-01, 4.56113812e-01, 3.43798434e-01,\n",
      "                   6.13305266e-02],\n",
      "                  [9.43540749e-01, 3.52968152e-02, 1.04741950e-03, 1.99508130e-02,\n",
      "                   1.64203821e-04],\n",
      "                  [2.24288395e-02, 9.54073140e-01, 1.31562613e-03, 2.03094664e-02,\n",
      "                   1.87292814e-03],\n",
      "                  [7.75119282e-01, 2.37489495e-02, 7.15522041e-02, 7.75776209e-02,\n",
      "                   5.20019438e-02],\n",
      "                  [1.96443104e-01, 1.39792006e-01, 1.28129221e-01, 2.89174813e-01,\n",
      "                   2.46460857e-01],\n",
      "                  [1.17408284e-02, 4.37834202e-03, 1.34311144e-02, 8.86498979e-04,\n",
      "                   9.69563216e-01],\n",
      "                  [9.27705255e-03, 9.72633370e-01, 7.79278994e-04, 7.17166805e-03,\n",
      "                   1.01386301e-02],\n",
      "                  [1.46712089e-02, 2.26554799e-01, 1.36801027e-02, 4.98055491e-02,\n",
      "                   6.95288340e-01]])\n",
      "ic| probs: array([[0, 0, 1, 0, 0],\n",
      "                  [1, 0, 0, 0, 0],\n",
      "                  [0, 0, 0, 0, 0],\n",
      "                  [1, 0, 0, 0, 0],\n",
      "                  [0, 1, 0, 0, 0],\n",
      "                  [1, 0, 0, 0, 0],\n",
      "                  [0, 0, 0, 0, 0],\n",
      "                  [0, 0, 0, 0, 1],\n",
      "                  [0, 1, 0, 0, 0],\n",
      "                  [0, 0, 0, 0, 1]])\n",
      "ic| loss: 0.553463770523768\n",
      "ic| yhats: array([[1.81365278e-01, 1.49700875e-02, 5.00501717e-01, 2.84361812e-01,\n",
      "                   1.88011052e-02],\n",
      "                  [9.13039469e-01, 1.35772052e-03, 5.95796588e-02, 2.58531859e-02,\n",
      "                   1.69966266e-04],\n",
      "                  [2.84449229e-04, 1.38472778e-01, 4.56113812e-01, 3.43798434e-01,\n",
      "                   6.13305266e-02],\n",
      "                  [9.43540749e-01, 3.52968152e-02, 1.04741950e-03, 1.99508130e-02,\n",
      "                   1.64203821e-04],\n",
      "                  [2.24288395e-02, 9.54073140e-01, 1.31562613e-03, 2.03094664e-02,\n",
      "                   1.87292814e-03],\n",
      "                  [7.75119282e-01, 2.37489495e-02, 7.15522041e-02, 7.75776209e-02,\n",
      "                   5.20019438e-02],\n",
      "                  [1.96443104e-01, 1.39792006e-01, 1.28129221e-01, 2.89174813e-01,\n",
      "                   2.46460857e-01],\n",
      "                  [1.17408284e-02, 4.37834202e-03, 1.34311144e-02, 8.86498979e-04,\n",
      "                   9.69563216e-01],\n",
      "                  [9.27705255e-03, 9.72633370e-01, 7.79278994e-04, 7.17166805e-03,\n",
      "                   1.01386301e-02],\n",
      "                  [1.46712089e-02, 2.26554799e-01, 1.36801027e-02, 4.98055491e-02,\n",
      "                   6.95288340e-01]])\n",
      "ic| probs: array([[0, 0, 1, 0, 0],\n",
      "                  [1, 0, 0, 0, 0],\n",
      "                  [0, 0, 0, 0, 0],\n",
      "                  [1, 0, 0, 0, 0],\n",
      "                  [0, 1, 0, 0, 0],\n",
      "                  [1, 0, 0, 0, 0],\n",
      "                  [0, 0, 0, 0, 0],\n",
      "                  [0, 0, 0, 0, 1],\n",
      "                  [0, 1, 0, 0, 0],\n",
      "                  [0, 0, 0, 0, 1]])\n",
      "ic| loss: 0.553463770523768\n",
      "ic| yhats: array([[1.81365278e-01, 1.49700875e-02, 5.00501717e-01, 2.84361812e-01,\n",
      "                   1.88011052e-02],\n",
      "                  [9.13039469e-01, 1.35772052e-03, 5.95796588e-02, 2.58531859e-02,\n",
      "                   1.69966266e-04],\n",
      "                  [2.84449229e-04, 1.38472778e-01, 4.56113812e-01, 3.43798434e-01,\n",
      "                   6.13305266e-02],\n",
      "                  [9.43540749e-01, 3.52968152e-02, 1.04741950e-03, 1.99508130e-02,\n",
      "                   1.64203821e-04],\n",
      "                  [2.24288395e-02, 9.54073140e-01, 1.31562613e-03, 2.03094664e-02,\n",
      "                   1.87292814e-03],\n",
      "                  [7.75119282e-01, 2.37489495e-02, 7.15522041e-02, 7.75776209e-02,\n",
      "                   5.20019438e-02],\n",
      "                  [1.96443104e-01, 1.39792006e-01, 1.28129221e-01, 2.89174813e-01,\n",
      "                   2.46460857e-01],\n",
      "                  [1.17408284e-02, 4.37834202e-03, 1.34311144e-02, 8.86498979e-04,\n",
      "                   9.69563216e-01],\n",
      "                  [9.27705255e-03, 9.72633370e-01, 7.79278994e-04, 7.17166805e-03,\n",
      "                   1.01386301e-02],\n",
      "                  [1.46712089e-02, 2.26554799e-01, 1.36801027e-02, 4.98055491e-02,\n",
      "                   6.95288340e-01]])\n",
      "ic| probs: array([[0, 0, 1, 0, 0],\n",
      "                  [1, 0, 0, 0, 0],\n",
      "                  [0, 0, 0, 0, 0],\n",
      "                  [1, 0, 0, 0, 0],\n",
      "                  [0, 1, 0, 0, 0],\n",
      "                  [1, 0, 0, 0, 0],\n",
      "                  [0, 0, 0, 0, 0],\n",
      "                  [0, 0, 0, 0, 1],\n",
      "                  [0, 1, 0, 0, 0],\n",
      "                  [0, 0, 0, 0, 1]])\n",
      "ic| loss: 0.553463770523768\n",
      "ic| yhats: array([[1.81365278e-01, 1.49700875e-02, 5.00501717e-01, 2.84361812e-01,\n",
      "                   1.88011052e-02],\n",
      "                  [9.13039469e-01, 1.35772052e-03, 5.95796588e-02, 2.58531859e-02,\n",
      "                   1.69966266e-04],\n",
      "                  [2.84449229e-04, 1.38472778e-01, 4.56113812e-01, 3.43798434e-01,\n",
      "                   6.13305266e-02],\n",
      "                  [9.43540749e-01, 3.52968152e-02, 1.04741950e-03, 1.99508130e-02,\n",
      "                   1.64203821e-04],\n",
      "                  [2.24288395e-02, 9.54073140e-01, 1.31562613e-03, 2.03094664e-02,\n",
      "                   1.87292814e-03],\n",
      "                  [7.75119282e-01, 2.37489495e-02, 7.15522041e-02, 7.75776209e-02,\n",
      "                   5.20019438e-02],\n",
      "                  [1.96443104e-01, 1.39792006e-01, 1.28129221e-01, 2.89174813e-01,\n",
      "                   2.46460857e-01],\n",
      "                  [1.17408284e-02, 4.37834202e-03, 1.34311144e-02, 8.86498979e-04,\n",
      "                   9.69563216e-01],\n",
      "                  [9.27705255e-03, 9.72633370e-01, 7.79278994e-04, 7.17166805e-03,\n",
      "                   1.01386301e-02],\n",
      "                  [1.46712089e-02, 2.26554799e-01, 1.36801027e-02, 4.98055491e-02,\n",
      "                   6.95288340e-01]])\n",
      "ic| probs: array([[0, 0, 1, 0, 0],\n",
      "                  [1, 0, 0, 0, 0],\n",
      "                  [0, 0, 0, 0, 0],\n",
      "                  [1, 0, 0, 0, 0],\n",
      "                  [0, 1, 0, 0, 0],\n",
      "                  [1, 0, 0, 0, 0],\n",
      "                  [0, 0, 0, 0, 0],\n",
      "                  [0, 0, 0, 0, 1],\n",
      "                  [0, 1, 0, 0, 0],\n",
      "                  [0, 0, 0, 0, 1]])\n",
      "ic| loss: 0.553463770523768\n",
      "ic| yhats: array([[1.81365278e-01, 1.49700875e-02, 5.00501717e-01, 2.84361812e-01,\n",
      "                   1.88011052e-02],\n",
      "                  [9.13039469e-01, 1.35772052e-03, 5.95796588e-02, 2.58531859e-02,\n",
      "                   1.69966266e-04],\n",
      "                  [2.84449229e-04, 1.38472778e-01, 4.56113812e-01, 3.43798434e-01,\n",
      "                   6.13305266e-02],\n",
      "                  [9.43540749e-01, 3.52968152e-02, 1.04741950e-03, 1.99508130e-02,\n",
      "                   1.64203821e-04],\n",
      "                  [2.24288395e-02, 9.54073140e-01, 1.31562613e-03, 2.03094664e-02,\n",
      "                   1.87292814e-03],\n",
      "                  [7.75119282e-01, 2.37489495e-02, 7.15522041e-02, 7.75776209e-02,\n",
      "                   5.20019438e-02],\n",
      "                  [1.96443104e-01, 1.39792006e-01, 1.28129221e-01, 2.89174813e-01,\n",
      "                   2.46460857e-01],\n",
      "                  [1.17408284e-02, 4.37834202e-03, 1.34311144e-02, 8.86498979e-04,\n",
      "                   9.69563216e-01],\n",
      "                  [9.27705255e-03, 9.72633370e-01, 7.79278994e-04, 7.17166805e-03,\n",
      "                   1.01386301e-02],\n",
      "                  [1.46712089e-02, 2.26554799e-01, 1.36801027e-02, 4.98055491e-02,\n",
      "                   6.95288340e-01]])\n",
      "ic| probs: array([[0, 0, 1, 0, 0],\n",
      "                  [1, 0, 0, 0, 0],\n",
      "                  [0, 0, 0, 0, 0],\n",
      "                  [1, 0, 0, 0, 0],\n",
      "                  [0, 1, 0, 0, 0],\n",
      "                  [1, 0, 0, 0, 0],\n",
      "                  [0, 0, 0, 0, 0],\n",
      "                  [0, 0, 0, 0, 1],\n",
      "                  [0, 1, 0, 0, 0],\n",
      "                  [0, 0, 0, 0, 1]])\n",
      "ic| loss: 0.553463770523768\n",
      "ic| yhats: array([[1.81365278e-01, 1.49700875e-02, 5.00501717e-01, 2.84361812e-01,\n",
      "                   1.88011052e-02],\n",
      "                  [9.13039469e-01, 1.35772052e-03, 5.95796588e-02, 2.58531859e-02,\n",
      "                   1.69966266e-04],\n",
      "                  [2.84449229e-04, 1.38472778e-01, 4.56113812e-01, 3.43798434e-01,\n",
      "                   6.13305266e-02],\n",
      "                  [9.43540749e-01, 3.52968152e-02, 1.04741950e-03, 1.99508130e-02,\n",
      "                   1.64203821e-04],\n",
      "                  [2.24288395e-02, 9.54073140e-01, 1.31562613e-03, 2.03094664e-02,\n",
      "                   1.87292814e-03],\n",
      "                  [7.75119282e-01, 2.37489495e-02, 7.15522041e-02, 7.75776209e-02,\n",
      "                   5.20019438e-02],\n",
      "                  [1.96443104e-01, 1.39792006e-01, 1.28129221e-01, 2.89174813e-01,\n",
      "                   2.46460857e-01],\n",
      "                  [1.17408284e-02, 4.37834202e-03, 1.34311144e-02, 8.86498979e-04,\n",
      "                   9.69563216e-01],\n",
      "                  [9.27705255e-03, 9.72633370e-01, 7.79278994e-04, 7.17166805e-03,\n",
      "                   1.01386301e-02],\n",
      "                  [1.46712089e-02, 2.26554799e-01, 1.36801027e-02, 4.98055491e-02,\n",
      "                   6.95288340e-01]])\n",
      "ic| probs: array([[0, 0, 1, 0, 0],\n",
      "                  [1, 0, 0, 0, 0],\n",
      "                  [0, 0, 0, 0, 0],\n",
      "                  [1, 0, 0, 0, 0],\n",
      "                  [0, 1, 0, 0, 0],\n",
      "                  [1, 0, 0, 0, 0],\n",
      "                  [0, 0, 0, 0, 0],\n",
      "                  [0, 0, 0, 0, 1],\n",
      "                  [0, 1, 0, 0, 0],\n",
      "                  [0, 0, 0, 0, 1]])\n",
      "ic| loss: 0.553463770523768\n"
     ]
    }
   ],
   "source": [
    "train_softmax(X, weights, bias, y)"
   ]
  },
  {
   "cell_type": "markdown",
   "id": "4e2779df",
   "metadata": {},
   "source": [
    "## one-hot原理"
   ]
  },
  {
   "cell_type": "code",
   "execution_count": 8,
   "id": "6f775c77",
   "metadata": {},
   "outputs": [],
   "source": [
    "from icecream import ic\n",
    "\n",
    "def onehot(elements):\n",
    "    es = list(set(elements))\n",
    "    \n",
    "    res = []\n",
    "    for e in es:\n",
    "        zeros = [0] * len(es)\n",
    "        zeros[es.index(e)] = 1\n",
    "        res.append(zeros)\n",
    "    \n",
    "    return res"
   ]
  },
  {
   "cell_type": "code",
   "execution_count": 9,
   "id": "bfabfc12",
   "metadata": {},
   "outputs": [
    {
     "name": "stderr",
     "output_type": "stream",
     "text": [
      "ic| onehot(['北京', '上海','广州','北京','广州','上海']): [[1, 0, 0], [0, 1, 0], [0, 0, 1]]\n"
     ]
    },
    {
     "data": {
      "text/plain": [
       "[[1, 0, 0], [0, 1, 0], [0, 0, 1]]"
      ]
     },
     "execution_count": 9,
     "metadata": {},
     "output_type": "execute_result"
    }
   ],
   "source": [
    "ic(onehot(['北京', '上海','广州','北京','广州','上海']))"
   ]
  },
  {
   "cell_type": "code",
   "execution_count": 7,
   "id": "394cd9c5",
   "metadata": {},
   "outputs": [
    {
     "name": "stdout",
     "output_type": "stream",
     "text": [
      "Python 3.9.7\r\n"
     ]
    }
   ],
   "source": [
    "!python -V"
   ]
  },
  {
   "cell_type": "code",
   "execution_count": 11,
   "id": "64e6e9e5",
   "metadata": {},
   "outputs": [],
   "source": [
    "from sklearn.preprocessing import OneHotEncoder"
   ]
  },
  {
   "cell_type": "code",
   "execution_count": 14,
   "id": "f4510694",
   "metadata": {
    "scrolled": true
   },
   "outputs": [],
   "source": [
    "enc = OneHotEncoder(handle_unknown='ignore')"
   ]
  },
  {
   "cell_type": "code",
   "execution_count": 13,
   "id": "d1c45936",
   "metadata": {},
   "outputs": [
    {
     "name": "stdout",
     "output_type": "stream",
     "text": [
      "Help on class OneHotEncoder in module sklearn.preprocessing._encoders:\n",
      "\n",
      "class OneHotEncoder(_BaseEncoder)\n",
      " |  OneHotEncoder(*, categories='auto', drop=None, sparse=True, dtype=<class 'numpy.float64'>, handle_unknown='error')\n",
      " |  \n",
      " |  Encode categorical features as a one-hot numeric array.\n",
      " |  \n",
      " |  The input to this transformer should be an array-like of integers or\n",
      " |  strings, denoting the values taken on by categorical (discrete) features.\n",
      " |  The features are encoded using a one-hot (aka 'one-of-K' or 'dummy')\n",
      " |  encoding scheme. This creates a binary column for each category and\n",
      " |  returns a sparse matrix or dense array (depending on the ``sparse``\n",
      " |  parameter)\n",
      " |  \n",
      " |  By default, the encoder derives the categories based on the unique values\n",
      " |  in each feature. Alternatively, you can also specify the `categories`\n",
      " |  manually.\n",
      " |  \n",
      " |  This encoding is needed for feeding categorical data to many scikit-learn\n",
      " |  estimators, notably linear models and SVMs with the standard kernels.\n",
      " |  \n",
      " |  Note: a one-hot encoding of y labels should use a LabelBinarizer\n",
      " |  instead.\n",
      " |  \n",
      " |  Read more in the :ref:`User Guide <preprocessing_categorical_features>`.\n",
      " |  \n",
      " |  Parameters\n",
      " |  ----------\n",
      " |  categories : 'auto' or a list of array-like, default='auto'\n",
      " |      Categories (unique values) per feature:\n",
      " |  \n",
      " |      - 'auto' : Determine categories automatically from the training data.\n",
      " |      - list : ``categories[i]`` holds the categories expected in the ith\n",
      " |        column. The passed categories should not mix strings and numeric\n",
      " |        values within a single feature, and should be sorted in case of\n",
      " |        numeric values.\n",
      " |  \n",
      " |      The used categories can be found in the ``categories_`` attribute.\n",
      " |  \n",
      " |      .. versionadded:: 0.20\n",
      " |  \n",
      " |  drop : {'first', 'if_binary'} or an array-like of shape (n_features,),             default=None\n",
      " |      Specifies a methodology to use to drop one of the categories per\n",
      " |      feature. This is useful in situations where perfectly collinear\n",
      " |      features cause problems, such as when feeding the resulting data\n",
      " |      into a neural network or an unregularized regression.\n",
      " |  \n",
      " |      However, dropping one category breaks the symmetry of the original\n",
      " |      representation and can therefore induce a bias in downstream models,\n",
      " |      for instance for penalized linear classification or regression models.\n",
      " |  \n",
      " |      - None : retain all features (the default).\n",
      " |      - 'first' : drop the first category in each feature. If only one\n",
      " |        category is present, the feature will be dropped entirely.\n",
      " |      - 'if_binary' : drop the first category in each feature with two\n",
